125, 225, 86
165, 376, 140
227, 318, 115
13, 26, 6
255, 414, 100
72, 93, 19
472, 918, 330
142, 270, 83
316, 596, 222
553, 1241, 315
122, 57, 74
73, 70, 26
971, 315, 413
93, 44, 38
25, 27, 6
173, 263, 51
173, 372, 102
90, 125, 22
322, 59, 235
100, 42, 62
120, 62, 74
285, 143, 263
109, 47, 55
29, 19, 11
107, 148, 74
1010, 1741, 393
110, 186, 55
27, 43, 9
117, 227, 78
168, 227, 56
646, 1287, 546
92, 161, 34
123, 290, 79
95, 172, 49
117, 222, 74
301, 770, 255
102, 84, 69
288, 360, 314
333, 88, 122
281, 64, 218
216, 77, 126
188, 118, 91
130, 49, 103
259, 369, 187
138, 61, 74
23, 29, 4
269, 428, 106
14, 21, 2
112, 281, 75
196, 600, 168
387, 656, 122
115, 289, 77
104, 189, 71
128, 291, 71
1170, 353, 598
8, 12, 1
627, 1922, 419
339, 1201, 218
108, 280, 45
96, 300, 62
11, 12, 1
313, 1459, 228
126, 399, 81
74, 185, 27
224, 871, 129
377, 990, 399
250, 413, 176
122, 228, 188
581, 810, 380
284, 976, 241
112, 217, 75
60, 122, 32
486, 936, 469
105, 203, 180
85, 156, 396
197, 151, 131
627, 1141, 1023
1558, 2539, 943
432, 812, 327
537, 1144, 375
234, 514, 139
386, 654, 193
109, 252, 74
116, 240, 78
53, 86, 15
123, 143, 77
120, 80, 78
299, 247, 185
139, 411, 151
142, 297, 77
146, 336, 98
21, 30, 5
74, 95, 31
271, 623, 198
314, 705, 296
75, 100, 24
118, 196, 94
69, 121, 40
112, 184, 67
96, 195, 69
