http://google.com:[149, 268, 82]
9
http://twitter.com:7.34846922835:[142, 270, 83]
http://dropbox.com:30.2489669245:[142, 297, 77]
http://amazon.de:33.0302891298:[128, 291, 71]
http://amazon.co.jp:34.1906419946:[123, 290, 79]
http://yahoo.co.jp:39.5221456907:[173, 263, 51]
http://google.it:39.8371685741:[112, 281, 75]
http://google.es:40.2740611312:[115, 289, 77]
http://google.pl:43.4626276242:[116, 240, 78]
http://flipkart.com:43.8178046004:[109, 252, 74]
http://google.com:49.4064773081:[125, 225, 86]
http://vk.com:52.1344415909:[168, 227, 56]
http://google.co.uk:52.163205423:[117, 227, 78]
http://stackoverflow.com:56.5154846038:[108, 280, 45]
http://google.fr:56.6038867923:[117, 222, 74]
http://googleadservices.com:63.3955834424:[112, 217, 75]
http://google.com.hk:65.0615093585:[96, 300, 62]
http://huffingtonpost.com:69.9213844257:[146, 336, 98]
http://github.com:79.3032155716:[118, 196, 94]
http://indiatimes.com:91.1427451858:[96, 195, 69]
http://google.ru:91.5805656239:[104, 189, 71]
http://nytimes.com:93.0053761887:[112, 184, 67]
http://reddit.com:94.7311986623:[110, 186, 55]
http://youtube.com:98.3514107677:[227, 318, 115]
http://tmall.com:108.590975684:[173, 372, 102]
http://msn.com:114.98260738:[95, 172, 49]
http://amazon.co.uk:116.468879964:[122, 228, 188]
http://facebook.com:123.628475684:[165, 376, 140]
http://onclickads.net:124.655525349:[74, 185, 27]
http://google.com.tr:125.558751188:[105, 203, 180]
http://instagram.com:127.389167514:[107, 148, 74]
http://google.com.au:127.773236634:[123, 143, 77]
http://wordpress.com:130.391717528:[92, 161, 34]
http://google.ca:133.007518584:[126, 399, 81]
http://pornhub.com:135.624481566:[197, 151, 131]
http://ask.com:155.248188395:[188, 118, 91]
http://alipay.com:159.091168831:[139, 411, 151]
http://blogspot.com:165.921668265:[90, 125, 22]
http://google.co.kr:172.548543894:[69, 121, 40]
http://bbc.co.uk:178.148814198:[60, 122, 32]
http://yahoo.com:181.317401261:[255, 414, 100]
http://alibaba.com:182.55410157:[259, 369, 187]
http://adobe.com:183.16659084:[299, 247, 185]
http://google.com.mx:190.265603828:[120, 80, 78]
http://google.com.br:190.352304951:[102, 84, 69]
http://jd.com:192.520128818:[75, 100, 24]
http://blogger.com:195.333048919:[74, 95, 31]
http://xhamster.com:200.154939984:[250, 413, 176]
http://wikipedia.org:201.303253824:[72, 93, 19]
http://fc2.com:201.434852992:[269, 428, 106]
http://microsoft.com:207.137635402:[216, 77, 126]
http://xvideos.com:207.446378614:[138, 61, 74]
http://google.de:208.18501387:[120, 62, 74]
http://google.co.in:212.870852866:[122, 57, 74]
http://cntv.cn:216.400092421:[53, 86, 15]
http://live.com:219.353595822:[73, 70, 26]
http://apple.com:220.823458899:[130, 49, 103]
http://yandex.ru:226.207869005:[109, 47, 55]
http://google.co.jp:232.114196033:[100, 42, 62]
http://linkedin.com:235.048931076:[93, 44, 38]
http://hao123.com:258.615544776:[285, 143, 263]
http://imdb.com:260.491842483:[333, 88, 122]
http://pinterest.com:266.154090707:[27, 43, 9]
http://nicovideo.jp:266.439486563:[234, 514, 139]
http://aliexpress.com:278.452868543:[281, 64, 218]
http://googleusercontent.com:280.992882472:[21, 30, 5]
http://adcash.com:281.213442068:[23, 29, 4]
http://weibo.com:281.48356968:[25, 27, 6]
http://bing.com:285.380447824:[29, 19, 11]
http://paypal.com:285.672889858:[288, 360, 314]
http://baidu.com:287.812438925:[13, 26, 6]
http://t.co:292.632875802:[14, 21, 2]
http://craigslist.org:301.895677346:[11, 12, 1]
http://kickass.so:303.278749668:[8, 12, 1]
http://ebay.com:311.478731216:[322, 59, 235]
http://soso.com:339.464283836:[85, 156, 396]
http://360.cn:346.163256282:[196, 600, 168]
http://youku.com:392.893115236:[271, 623, 198]
http://taobao.com:393.79309288:[316, 596, 222]
http://mail.ru:456.93325552:[387, 656, 122]
http://dailymotion.com:466.353942837:[386, 654, 193]
http://chinadaily.com.cn:513.799571818:[314, 705, 296]
http://imgur.com:552.30154807:[301, 770, 255]
http://naver.com:609.461237488:[224, 871, 129]
http://ebay.de:660.340821092:[432, 812, 327]
http://amazon.cn:738.085360917:[284, 976, 241]
http://diply.com:754.448142684:[581, 810, 380]
http://amazon.com:767.028682645:[472, 918, 330]
http://xinhuanet.com:820.827021972:[377, 990, 399]
http://cnn.com:842.355032038:[486, 936, 469]
http://sina.com.cn:887.386049023:[971, 315, 413]
http://go.com:961.813391464:[339, 1201, 218]
http://espn.go.com:1001.88272767:[537, 1144, 375]
http://qq.com:1078.99675625:[553, 1241, 315]
http://163.com:1147.13643478:[1170, 353, 598]
http://gmw.cn:1211.07101361:[313, 1459, 228]
http://tumblr.com:1225.01673458:[646, 1287, 546]
http://people.com.cn:1369.70580783:[627, 1141, 1023]
http://sohu.com:1734.2926512:[1010, 1741, 393]
http://netflix.com:1754.35714722:[627, 1922, 419]
http://rakuten.co.jp:2807.85380674:[1558, 2539, 943]
