http://facebook.com:[165, 359, 135]
0
http://facebook.com:17.7200451467:[165, 376, 140]
http://tmall.com:36.3593179254:[173, 372, 102]
http://huffingtonpost.com:47.5289385533:[146, 336, 98]
http://alipay.com:60.2992537267:[139, 411, 151]
http://youtube.com:76.9740215917:[227, 318, 115]
http://google.ca:77.6981338257:[126, 399, 81]
http://dropbox.com:87.9602182808:[142, 297, 77]
http://amazon.co.jp:98.2903861016:[123, 290, 79]
http://amazon.de:100.444014257:[128, 291, 71]
http://google.es:103.749698795:[115, 289, 77]
http://twitter.com:105.61249926:[142, 270, 83]
http://alibaba.com:107.888831674:[259, 369, 187]
http://xhamster.com:108.729020965:[250, 413, 176]
http://yahoo.com:111.130553854:[255, 414, 100]
http://google.it:111.772089539:[112, 281, 75]
http://google.com.hk:116.49463507:[96, 300, 62]
http://yahoo.co.jp:127.812362469:[173, 263, 51]
http://fc2.com:128.132743668:[269, 428, 106]
http://stackoverflow.com:132.627297341:[108, 280, 45]
http://flipkart.com:135.299667405:[109, 252, 74]
http://google.pl:140.751554165:[116, 240, 78]
http://amazon.co.uk:147.712558708:[122, 228, 188]
http://google.com:148.178945873:[125, 225, 86]
http://google.co.uk:151.58166116:[117, 227, 78]
http://vk.com:153.863575937:[168, 227, 56]
http://google.fr:157.461106309:[117, 222, 74]
http://googleadservices.com:163.012269477:[112, 217, 75]
http://nicovideo.jp:169.711519939:[234, 514, 139]
http://google.com.tr:173.092460841:[105, 203, 180]
http://github.com:174.525069832:[118, 196, 94]
http://adobe.com:181.659021246:[299, 247, 185]
http://indiatimes.com:189.770914526:[96, 195, 69]
http://google.ru:191.616805109:[104, 189, 71]
http://nytimes.com:195.084597034:[112, 184, 67]
http://reddit.com:198.378426246:[110, 186, 55]
http://pornhub.com:210.485153871:[197, 151, 131]
http://paypal.com:217.188857909:[288, 360, 314]
http://msn.com:217.405151733:[95, 172, 49]
http://onclickads.net:224.100423917:[74, 185, 27]
http://instagram.com:227.169540212:[107, 148, 74]
http://google.com.au:227.560980838:[123, 143, 77]
http://wordpress.com:233.95298673:[92, 161, 34]
http://360.cn:245.21623111:[196, 600, 168]
http://ask.com:246.060968055:[188, 118, 91]
http://blogspot.com:270.462566726:[90, 125, 22]
http://google.co.kr:273.651237892:[69, 121, 40]
http://hao123.com:278.280434095:[285, 143, 263]
http://bbc.co.uk:278.931891328:[60, 122, 32]
http://microsoft.com:286.715887247:[216, 77, 126]
http://google.com.mx:288.296722146:[120, 80, 78]
http://google.com.br:289.741263889:[102, 84, 69]
http://youku.com:291.377761677:[271, 623, 198]
http://taobao.com:294.175117914:[316, 596, 222]
http://jd.com:295.807369753:[75, 100, 24]
http://blogger.com:297.981543053:[74, 95, 31]
http://wikipedia.org:304.731028942:[72, 93, 19]
http://xvideos.com:305.375179083:[138, 61, 74]
http://google.de:306.520798642:[120, 62, 74]
http://google.co.in:311.085197333:[122, 57, 74]
http://apple.com:313.60644126:[130, 49, 103]
http://cntv.cn:318.548269498:[53, 86, 15]
http://imdb.com:319.11439955:[333, 88, 122]
http://live.com:322.282484786:[73, 70, 26]
http://yandex.ru:326.925067867:[109, 47, 55]
http://aliexpress.com:327.673618102:[281, 64, 218]
http://google.co.jp:331.727297641:[100, 42, 62]
http://linkedin.com:337.369233926:[93, 44, 38]
http://soso.com:340.191122753:[85, 156, 396]
http://ebay.com:353.056652678:[322, 59, 235]
http://pinterest.com:367.118509476:[27, 43, 9]
http://mail.ru:371.028300807:[387, 656, 122]
http://dailymotion.com:373.135364178:[386, 654, 193]
http://googleusercontent.com:381.938476721:[21, 30, 5]
http://adcash.com:382.3937761:[23, 29, 4]
http://weibo.com:382.707460079:[25, 27, 6]
http://bing.com:386.616088646:[29, 19, 11]
http://baidu.com:388.115962053:[13, 26, 6]
http://t.co:393.362428302:[14, 21, 2]
http://craigslist.org:402.592846434:[11, 12, 1]
http://kickass.so:403.749922601:[8, 12, 1]
http://chinadaily.com.cn:409.68036321:[314, 705, 296]
http://imgur.com:449.240470127:[301, 770, 255]
http://naver.com:515.423127149:[224, 871, 129]
http://ebay.de:559.787459667:[432, 812, 327]
http://amazon.cn:637.248774028:[284, 976, 241]
http://diply.com:660.667843928:[581, 810, 380]
http://amazon.com:666.89954266:[472, 918, 330]
http://xinhuanet.com:716.101249824:[377, 990, 399]
http://cnn.com:739.949998311:[486, 936, 469]
http://sina.com.cn:853.730636676:[971, 315, 413]
http://go.com:863.787589631:[339, 1201, 218]
http://espn.go.com:901.226386653:[537, 1144, 375]
http://qq.com:980.238746429:[553, 1241, 315]
http://163.com:1106.53965135:[1170, 353, 598]
http://gmw.cn:1113.80114922:[313, 1459, 228]
http://tumblr.com:1123.1500345:[646, 1287, 546]
http://people.com.cn:1270.24092203:[627, 1141, 1023]
http://sohu.com:1640.27833004:[1010, 1741, 393]
http://netflix.com:1654.40895791:[627, 1922, 419]
http://rakuten.co.jp:2710.29758514:[1558, 2539, 943]
