http://youtube.com:[209, 304, 104]
0
http://youtube.com:25.3179778023:[227, 318, 115]
http://huffingtonpost.com:70.915442606:[146, 336, 98]
http://dropbox.com:72.5741000633:[142, 297, 77]
http://yahoo.co.jp:76.0657610229:[173, 263, 51]
http://tmall.com:76.9675256196:[173, 372, 102]
http://twitter.com:78.0128194594:[142, 270, 83]
http://amazon.de:88.4251095561:[128, 291, 71]
http://amazon.co.jp:90.6476695784:[123, 290, 79]
http://facebook.com:91.7387595294:[165, 376, 140]
http://google.es:98.9444288477:[115, 289, 77]
http://vk.com:99.5690715032:[168, 227, 56]
http://google.it:103.821962994:[112, 281, 75]
http://google.pl:115.849039703:[116, 240, 78]
http://flipkart.com:116.636186495:[109, 252, 74]
http://alibaba.com:116.679046962:[259, 369, 187]
http://google.com:116.709039924:[125, 225, 86]
http://yahoo.com:119.297946336:[255, 414, 100]
http://stackoverflow.com:119.406867474:[108, 280, 45]
http://google.com.hk:120.619235614:[96, 300, 62]
http://google.co.uk:122.755855257:[117, 227, 78]
http://google.fr:126.838479966:[117, 222, 74]
http://google.ca:128.230261639:[126, 399, 81]
http://googleadservices.com:133.48782716:[112, 217, 75]
http://adobe.com:133.828248139:[299, 247, 185]
http://alipay.com:136.227750477:[139, 411, 151]
http://xhamster.com:136.916032662:[250, 413, 176]
http://fc2.com:137.767920794:[269, 428, 106]
http://github.com:141.58036587:[118, 196, 94]
http://amazon.co.uk:142.832069228:[122, 228, 188]
http://pornhub.com:155.826826959:[197, 151, 131]
http://nytimes.com:158.675770047:[112, 184, 67]
http://google.ru:159.182285447:[104, 189, 71]
http://indiatimes.com:160.857079421:[96, 195, 69]
http://reddit.com:161.635392164:[110, 186, 55]
http://google.com.tr:163.685674388:[105, 203, 180]
http://msn.com:182.879741907:[95, 172, 49]
http://google.com.au:184.515581998:[123, 143, 77]
http://ask.com:187.632619765:[188, 118, 91]
http://instagram.com:188.785592671:[107, 148, 74]
http://onclickads.net:195.742177366:[74, 185, 27]
http://wordpress.com:197.580363397:[92, 161, 34]
http://nicovideo.jp:214.359511102:[234, 514, 139]
http://microsoft.com:228.170988515:[216, 77, 126]
http://blogspot.com:230.056514796:[90, 125, 22]
http://paypal.com:231.250945944:[288, 360, 314]
http://hao123.com:238.70064935:[285, 143, 263]
http://google.co.kr:239.13385373:[69, 121, 40]
http://google.com.mx:242.431433605:[120, 80, 78]
http://bbc.co.uk:245.985771946:[60, 122, 32]
http://google.com.br:247.131543919:[102, 84, 69]
http://imdb.com:249.711833921:[333, 88, 122]
http://xvideos.com:254.931363312:[138, 61, 74]
http://jd.com:256.850150866:[75, 100, 24]
http://blogger.com:259.297126864:[74, 95, 31]
http://google.de:259.586209187:[120, 62, 74]
http://google.co.in:263.586797848:[122, 57, 74]
http://wikipedia.org:265.546606079:[72, 93, 19]
http://apple.com:266.958798319:[130, 49, 103]
http://aliexpress.com:275.281673927:[281, 64, 218]
http://yandex.ru:280.089271483:[109, 47, 55]
http://live.com:281.666469428:[73, 70, 26]
http://cntv.cn:282.455306199:[53, 86, 15]
http://google.co.jp:286.86059332:[100, 42, 62]
http://linkedin.com:292.25331478:[93, 44, 38]
http://ebay.com:299.924990623:[322, 59, 235]
http://360.cn:303.118788596:[196, 600, 168]
http://pinterest.com:332.069269882:[27, 43, 9]
http://taobao.com:332.621406407:[316, 596, 222]
http://youku.com:338.291294597:[271, 623, 198]
http://weibo.com:346.682852186:[25, 27, 6]
http://adcash.com:346.729000806:[23, 29, 4]
http://googleusercontent.com:346.729000806:[21, 30, 5]
http://bing.com:349.67699381:[29, 19, 11]
http://soso.com:350.0628515:[85, 156, 396]
http://baidu.com:353.983050442:[13, 26, 6]
http://t.co:358.494072475:[14, 21, 2]
http://craigslist.org:367.528230208:[11, 12, 1]
http://kickass.so:369.153084776:[8, 12, 1]
http://mail.ru:394.856936117:[387, 656, 122]
http://dailymotion.com:402.181551044:[386, 654, 193]
http://chinadaily.com.cn:456.826006265:[314, 705, 296]
http://imgur.com:498.418498854:[301, 770, 255]
http://naver.com:567.749064288:[224, 871, 129]
http://ebay.de:597.931434196:[432, 812, 327]
http://diply.com:686.0:[581, 810, 380]
http://amazon.cn:689.911588539:[284, 976, 241]
http://amazon.com:705.153174849:[472, 918, 330]
http://xinhuanet.com:765.405121488:[377, 990, 399]
http://cnn.com:780.626671335:[486, 936, 469]
http://sina.com.cn:822.341778095:[971, 315, 413]
http://go.com:913.512452022:[339, 1201, 218]
http://espn.go.com:941.607667768:[537, 1144, 375]
http://qq.com:1020.20880216:[553, 1241, 315]
http://163.com:1081.64596796:[1170, 353, 598]
http://tumblr.com:1163.02278568:[646, 1287, 546]
http://gmw.cn:1166.28341324:[313, 1459, 228]
http://people.com.cn:1311.4320417:[627, 1141, 1023]
http://sohu.com:1670.35654876:[1010, 1741, 393]
http://netflix.com:1700.55079313:[627, 1922, 419]
http://rakuten.co.jp:2742.06983864:[1558, 2539, 943]
