http://baidu.com:[14, 19, 2]
2
http://t.co:2.0:[14, 21, 2]
http://craigslist.org:7.68114574787:[11, 12, 1]
http://baidu.com:8.12403840464:[13, 26, 6]
http://kickass.so:9.2736184955:[8, 12, 1]
http://googleusercontent.com:13.3790881603:[21, 30, 5]
http://adcash.com:13.6014705087:[23, 29, 4]
http://weibo.com:14.1774468788:[25, 27, 6]
http://bing.com:17.4928556845:[29, 19, 11]
http://pinterest.com:28.1780056072:[27, 43, 9]
http://cntv.cn:78.6066154977:[53, 86, 15]
http://live.com:81.5965685553:[73, 70, 26]
http://linkedin.com:90.3437878329:[93, 44, 38]
http://wikipedia.org:95.5458005357:[72, 93, 19]
http://blogger.com:101.079176886:[74, 95, 31]
http://jd.com:103.759336929:[75, 100, 24]
http://google.co.jp:107.354552768:[100, 42, 62]
http://yandex.ru:112.329871361:[109, 47, 55]
http://bbc.co.uk:116.726175299:[60, 122, 32]
http://google.co.kr:121.9549097:[69, 121, 40]
http://google.com.br:128.28873684:[102, 84, 69]
http://blogspot.com:131.954537626:[90, 125, 22]
http://google.de:135.162864723:[120, 62, 74]
http://google.co.in:135.247920502:[122, 57, 74]
http://google.com.mx:143.989582957:[120, 80, 78]
http://xvideos.com:149.412181565:[138, 61, 74]
http://apple.com:156.706732465:[130, 49, 103]
http://wordpress.com:165.142362827:[92, 161, 34]
http://instagram.com:174.568038312:[107, 148, 74]
http://onclickads.net:178.272263687:[74, 185, 27]
http://msn.com:179.385060693:[95, 172, 49]
http://google.com.au:181.333946077:[123, 143, 77]
http://reddit.com:199.784884313:[110, 186, 55]
http://nytimes.com:202.617866932:[112, 184, 67]
http://google.ru:204.355083127:[104, 189, 71]
http://indiatimes.com:205.399610516:[96, 195, 69]
http://ask.com:219.0844586:[188, 118, 91]
http://github.com:224.964441635:[118, 196, 94]
http://googleadservices.com:232.67359111:[112, 217, 75]
http://google.fr:238.750916229:[117, 222, 74]
http://microsoft.com:244.016392892:[216, 77, 126]
http://google.co.uk:244.231447607:[117, 227, 78]
http://google.com:248.622203353:[125, 225, 86]
http://google.pl:254.992156742:[116, 240, 78]
http://pornhub.com:259.911523407:[197, 151, 131]
http://flipkart.com:261.721225735:[109, 252, 74]
http://vk.com:264.378516525:[168, 227, 56]
http://google.com.tr:271.700202429:[105, 203, 180]
http://stackoverflow.com:280.724063806:[108, 280, 45]
http://google.it:289.096869578:[112, 281, 75]
http://twitter.com:293.165482279:[142, 270, 83]
http://yahoo.co.jp:295.326937478:[173, 263, 51]
http://google.es:297.869098767:[115, 289, 77]
http://google.com.hk:298.805957103:[96, 300, 62]
http://amazon.co.uk:299.901650546:[122, 228, 188]
http://amazon.co.jp:302.077804547:[123, 290, 79]
http://amazon.de:302.887767993:[128, 291, 71]
http://dropbox.com:315.107918022:[142, 297, 77]
http://aliexpress.com:346.366857537:[281, 64, 218]
http://imdb.com:347.738407427:[333, 88, 122]
http://huffingtonpost.com:356.551539052:[146, 336, 98]
http://youtube.com:384.108057713:[227, 318, 115]
http://ebay.com:388.269236484:[322, 59, 235]
http://hao123.com:396.154010456:[285, 143, 263]
http://tmall.com:399.862476359:[173, 372, 102]
http://google.ca:403.961631841:[126, 399, 81]
http://adobe.com:408.286664:[299, 247, 185]
http://facebook.com:411.453521069:[165, 376, 140]
http://soso.com:423.138275272:[85, 156, 396]
http://alipay.com:437.595703818:[139, 411, 151]
http://alibaba.com:465.564173879:[259, 369, 187]
http://yahoo.com:472.979915007:[255, 414, 100]
http://xhamster.com:491.129310874:[250, 413, 176]
http://fc2.com:493.074030953:[269, 428, 106]
http://paypal.com:537.309035844:[288, 360, 314]
http://nicovideo.jp:558.743232621:[234, 514, 139]
http://360.cn:631.063388258:[196, 600, 168]
http://youku.com:685.040874693:[271, 623, 198]
http://taobao.com:687.410357792:[316, 596, 222]
http://mail.ru:747.862286788:[387, 656, 122]
http://dailymotion.com:760.322300081:[386, 654, 193]
http://chinadaily.com.cn:804.382993356:[314, 705, 296]
http://imgur.com:842.839842437:[301, 770, 255]
http://naver.com:886.641415681:[224, 871, 129]
http://ebay.de:953.518746538:[432, 812, 327]
http://amazon.cn:1022.67785739:[284, 976, 241]
http://diply.com:1044.05651188:[581, 810, 380]
http://amazon.com:1060.9189413:[472, 918, 330]
http://sina.com.cn:1082.7677498:[971, 315, 413]
http://xinhuanet.com:1110.05360231:[377, 990, 399]
http://cnn.com:1132.14928344:[486, 936, 469]
http://go.com:1244.75097911:[339, 1201, 218]
http://espn.go.com:1295.48562323:[537, 1144, 375]
http://163.com:1342.79857015:[1170, 353, 598]
http://qq.com:1371.77767878:[553, 1241, 315]
http://gmw.cn:1487.97748639:[313, 1459, 228]
http://tumblr.com:1517.62445948:[646, 1287, 546]
http://people.com.cn:1636.18275263:[627, 1141, 1023]
http://sohu.com:2027.35813314:[1010, 1741, 393]
http://netflix.com:2042.31902503:[627, 1922, 419]
http://rakuten.co.jp:3101.58298293:[1558, 2539, 943]
