http://twitter.com:[98, 239, 67]
13
http://flipkart.com:18.4119526395:[109, 252, 74]
http://google.pl:21.1187120819:[116, 240, 78]
http://google.co.uk:25.0199920064:[117, 227, 78]
http://google.fr:26.4386081328:[117, 222, 74]
http://googleadservices.com:27.276363394:[112, 217, 75]
http://google.com:35.8608421541:[125, 225, 86]
http://indiatimes.com:44.0908153701:[96, 195, 69]
http://google.it:44.9888875168:[112, 281, 75]
http://stackoverflow.com:47.5920161372:[108, 280, 45]
http://google.ru:50.5173237613:[104, 189, 71]
http://google.es:53.7494186015:[115, 289, 77]
http://github.com:54.5710545986:[118, 196, 94]
http://reddit.com:55.6506963119:[110, 186, 55]
http://twitter.com:56.1515805655:[142, 270, 83]
http://nytimes.com:56.7538544947:[112, 184, 67]
http://amazon.co.jp:58.0517010948:[123, 290, 79]
http://amazon.de:60.166435826:[128, 291, 71]
http://google.com.hk:61.2372435696:[96, 300, 62]
http://msn.com:69.440622117:[95, 172, 49]
http://onclickads.net:71.3582510996:[74, 185, 27]
http://vk.com:71.8679344353:[168, 227, 56]
http://dropbox.com:73.4846922835:[142, 297, 77]
http://yahoo.co.jp:80.3554602998:[173, 263, 51]
http://wordpress.com:84.9058301885:[92, 161, 34]
http://instagram.com:91.7115041857:[107, 148, 74]
http://google.com.au:99.7045635866:[123, 143, 77]
http://huffingtonpost.com:112.578861248:[146, 336, 98]
http://google.com.tr:118.802356879:[105, 203, 180]
http://blogspot.com:122.821007975:[90, 125, 22]
http://amazon.co.uk:123.846679406:[122, 228, 188]
http://google.co.kr:124.474897068:[69, 121, 40]
http://bbc.co.uk:127.898397175:[60, 122, 32]
http://pornhub.com:147.108803272:[197, 151, 131]
http://jd.com:147.305804366:[75, 100, 24]
http://blogger.com:150.359569034:[74, 95, 31]
http://ask.com:152.699050423:[188, 118, 91]
http://google.com.br:155.064502708:[102, 84, 69]
http://wikipedia.org:155.871742147:[72, 93, 19]
http://tmall.com:156.649289816:[173, 372, 102]
http://youtube.com:158.700976683:[227, 318, 115]
http://google.com.mx:160.891267631:[120, 80, 78]
http://google.ca:163.03373884:[126, 399, 81]
http://cntv.cn:167.743852346:[53, 86, 15]
http://facebook.com:169.076905578:[165, 376, 140]
http://live.com:175.690068018:[73, 70, 26]
http://google.de:178.499299719:[120, 62, 74]
http://xvideos.com:182.573272962:[138, 61, 74]
http://google.co.in:183.709009033:[122, 57, 74]
http://yandex.ru:192.688868386:[109, 47, 55]
http://alipay.com:195.757503049:[139, 411, 151]
http://apple.com:196.010203816:[130, 49, 103]
http://google.co.jp:197.073590316:[100, 42, 62]
http://linkedin.com:197.208012008:[93, 44, 38]
http://microsoft.com:208.92343095:[216, 77, 126]
http://pinterest.com:216.381607351:[27, 43, 9]
http://googleusercontent.com:231.201211069:[21, 30, 5]
http://adcash.com:231.719658208:[23, 29, 4]
http://weibo.com:232.366090469:[25, 27, 6]
http://adobe.com:233.214493546:[299, 247, 185]
http://bing.com:237.269888524:[29, 19, 11]
http://baidu.com:237.30781698:[13, 26, 6]
http://yahoo.com:237.408929908:[255, 414, 100]
http://alibaba.com:239.209113539:[259, 369, 187]
http://t.co:242.497422667:[14, 21, 2]
http://craigslist.org:251.900774116:[11, 12, 1]
http://kickass.so:252.952564723:[8, 12, 1]
http://xhamster.com:255.46232599:[250, 413, 176]
http://fc2.com:257.842975472:[269, 428, 106]
http://imdb.com:284.694573183:[333, 88, 122]
http://hao123.com:287.403896981:[285, 143, 263]
http://aliexpress.com:294.813500369:[281, 64, 218]
http://nicovideo.jp:315.126958542:[234, 514, 139]
http://ebay.com:332.866339542:[322, 59, 235]
http://paypal.com:334.290293009:[288, 360, 314]
http://soso.com:339.557064424:[85, 156, 396]
http://360.cn:387.460965776:[196, 600, 168]
http://youku.com:441.073689988:[271, 623, 198]
http://taobao.com:446.091918779:[316, 596, 222]
http://mail.ru:510.328325688:[387, 656, 122]
http://dailymotion.com:520.619822903:[386, 654, 193]
http://chinadaily.com.cn:562.363761279:[314, 705, 296]
http://imgur.com:598.760386131:[301, 770, 255]
http://naver.com:647.413314661:[224, 871, 129]
http://ebay.de:712.379814425:[432, 812, 327]
http://amazon.cn:779.769837837:[284, 976, 241]
http://diply.com:810.739785628:[581, 810, 380]
http://amazon.com:818.587808363:[472, 918, 330]
http://xinhuanet.com:867.217389125:[377, 990, 399]
http://cnn.com:893.284389206:[486, 936, 469]
http://sina.com.cn:942.136402014:[971, 315, 413]
http://go.com:1003.15801348:[339, 1201, 218]
http://espn.go.com:1051.95532225:[537, 1144, 375]
http://qq.com:1128.06604417:[553, 1241, 315]
http://163.com:1201.724178:[1170, 353, 598]
http://gmw.cn:1249.21815549:[313, 1459, 228]
http://tumblr.com:1275.95023414:[646, 1287, 546]
http://people.com.cn:1416.82073672:[627, 1141, 1023]
http://sohu.com:1787.18325865:[1010, 1741, 393]
http://netflix.com:1798.95358473:[627, 1922, 419]
http://rakuten.co.jp:2861.63869138:[1558, 2539, 943]
