http://tumblr.com:[557, 1495, 549]
0
http://tumblr.com:226.260911339:[646, 1287, 546]
http://qq.com:345.380949098:[553, 1241, 315]
http://espn.go.com:392.271589591:[537, 1144, 375]
http://gmw.cn:404.812302185:[313, 1459, 228]
http://netflix.com:451.806374457:[627, 1922, 419]
http://go.com:493.478469642:[339, 1201, 218]
http://sohu.com:538.573114814:[1010, 1741, 393]
http://xinhuanet.com:556.709080221:[377, 990, 399]
http://cnn.com:569.14145869:[486, 936, 469]
http://people.com.cn:595.72812591:[627, 1141, 1023]
http://amazon.com:622.988763944:[472, 918, 330]
http://amazon.cn:662.385084373:[284, 976, 241]
http://diply.com:705.947590123:[581, 810, 380]
http://ebay.de:728.970506948:[432, 812, 327]
http://naver.com:822.596498898:[224, 871, 129]
http://imgur.com:823.162802853:[301, 770, 255]
http://chinadaily.com.cn:864.383016955:[314, 705, 296]
http://dailymotion.com:929.116784909:[386, 654, 193]
http://mail.ru:956.634726528:[387, 656, 122]
http://youku.com:982.538039976:[271, 623, 198]
http://taobao.com:986.514571611:[316, 596, 222]
http://360.cn:1037.54855308:[196, 600, 168]
http://nicovideo.jp:1111.21105106:[234, 514, 139]
http://xhamster.com:1184.94810013:[250, 413, 176]
http://paypal.com:1189.87856523:[288, 360, 314]
http://fc2.com:1190.66452034:[269, 428, 106]
http://yahoo.com:1208.86972003:[255, 414, 100]
http://alibaba.com:1219.72291936:[259, 369, 187]
http://alipay.com:1228.08143052:[139, 411, 151]
http://facebook.com:1254.23522515:[165, 376, 140]
http://sina.com.cn:1257.89188725:[971, 315, 413]
http://google.ca:1267.28094754:[126, 399, 81]
http://tmall.com:1268.22474349:[173, 372, 102]
http://163.com:1297.04818723:[1170, 353, 598]
http://youtube.com:1297.14494179:[227, 318, 115]
http://huffingtonpost.com:1309.81029161:[146, 336, 98]
http://adobe.com:1325.35429226:[299, 247, 185]
http://dropbox.com:1352.85365062:[142, 297, 77]
http://amazon.co.jp:1364.28772625:[123, 290, 79]
http://amazon.de:1364.60287263:[128, 291, 71]
http://google.es:1368.42391093:[115, 289, 77]
http://google.com.hk:1370.29741297:[96, 300, 62]
http://twitter.com:1374.77489066:[142, 270, 83]
http://google.it:1377.13361734:[112, 281, 75]
http://yahoo.co.jp:1383.21509535:[173, 263, 51]
http://amazon.co.uk:1387.3842294:[122, 228, 188]
http://stackoverflow.com:1389.90719115:[108, 280, 45]
http://flipkart.com:1404.05769112:[109, 252, 74]
http://hao123.com:1408.433172:[285, 143, 263]
http://google.pl:1411.15094869:[116, 240, 78]
http://vk.com:1414.98904589:[168, 227, 56]
http://google.com.tr:1417.64911032:[105, 203, 180]
http://google.com:1419.11697897:[125, 225, 86]
http://google.co.uk:1422.41519958:[117, 227, 78]
http://soso.com:1427.97548999:[85, 156, 396]
http://google.fr:1428.19956589:[117, 222, 74]
http://googleadservices.com:1433.87063573:[112, 217, 75]
http://github.com:1444.69616183:[118, 196, 94]
http://pornhub.com:1452.81106824:[197, 151, 131]
http://indiatimes.com:1460.45232719:[96, 195, 69]
http://google.ru:1462.64452277:[104, 189, 71]
http://nytimes.com:1465.97066819:[112, 184, 67]
http://reddit.com:1468.78385067:[110, 186, 55]
http://imdb.com:1487.33116689:[333, 88, 122]
http://msn.com:1487.8753308:[95, 172, 49]
http://ebay.com:1488.59564691:[322, 59, 235]
http://onclickads.net:1490.5948477:[74, 185, 27]
http://aliexpress.com:1494.4892104:[281, 64, 218]
http://google.com.au:1496.34354344:[123, 143, 77]
http://ask.com:1497.34899072:[188, 118, 91]
http://instagram.com:1497.50926541:[107, 148, 74]
http://rakuten.co.jp:1499.05737048:[1558, 2539, 943]
http://wordpress.com:1503.66419123:[92, 161, 34]
http://microsoft.com:1518.53021043:[216, 77, 126]
http://blogspot.com:1540.36294424:[90, 125, 22]
http://google.co.kr:1544.37722076:[69, 121, 40]
http://bbc.co.uk:1549.00839249:[60, 122, 32]
http://google.com.mx:1554.03828782:[120, 80, 78]
http://google.com.br:1558.31511576:[102, 84, 69]
http://jd.com:1566.51651763:[75, 100, 24]
http://xvideos.com:1567.65493652:[138, 61, 74]
http://blogger.com:1568.95283549:[74, 95, 31]
http://google.de:1571.64977015:[120, 62, 74]
http://apple.com:1572.31071993:[130, 49, 103]
http://wikipedia.org:1575.3504372:[72, 93, 19]
http://google.co.in:1575.6566885:[122, 57, 74]
http://cntv.cn:1588.85273075:[53, 86, 15]
http://live.com:1593.2388396:[73, 70, 26]
http://yandex.ru:1594.19070377:[109, 47, 55]
http://google.co.jp:1599.13320271:[100, 42, 62]
http://linkedin.com:1606.80365944:[93, 44, 38]
http://pinterest.com:1637.31609654:[27, 43, 9]
http://googleusercontent.com:1652.10683674:[21, 30, 5]
http://adcash.com:1652.67570927:[23, 29, 4]
http://weibo.com:1653.14760382:[25, 27, 6]
http://bing.com:1657.34848478:[29, 19, 11]
http://baidu.com:1657.93425684:[13, 26, 6]
http://t.co:1663.35023372:[14, 21, 2]
http://craigslist.org:1672.63534579:[11, 12, 1]
http://kickass.so:1673.61704102:[8, 12, 1]
