http://bbc.co.uk:[62, 146, 33]
0
http://bbc.co.uk:24.1039415864:[60, 122, 32]
http://google.co.kr:26.8886593195:[69, 121, 40]
http://wordpress.com:33.5559234711:[92, 161, 34]
http://blogspot.com:36.6878726557:[90, 125, 22]
http://onclickads.net:41.2431812546:[74, 185, 27]
http://msn.com:44.955533586:[95, 172, 49]
http://jd.com:48.6415460281:[75, 100, 24]
http://blogger.com:52.4309069157:[74, 95, 31]
http://wikipedia.org:55.722526863:[72, 93, 19]
http://instagram.com:60.9097693314:[107, 148, 74]
http://cntv.cn:63.2850693292:[53, 86, 15]
http://reddit.com:66.2419806467:[110, 186, 55]
http://indiatimes.com:69.663476801:[96, 195, 69]
http://google.ru:71.1125867902:[104, 189, 71]
http://nytimes.com:71.4142842854:[112, 184, 67]
http://google.com.au:75.2728370662:[123, 143, 77]
http://live.com:77.1103105946:[73, 70, 26]
http://google.com.br:82.0975030071:[102, 84, 69]
http://googleadservices.com:96.4624279189:[112, 217, 75]
http://github.com:96.7315873952:[118, 196, 94]
http://google.com.mx:98.7167665597:[120, 80, 78]
http://google.fr:102.381638979:[117, 222, 74]
http://linkedin.com:106.723942956:[93, 44, 38]
http://google.co.uk:107.75435026:[117, 227, 78]
http://google.de:110.004545361:[120, 62, 74]
http://pinterest.com:111.400179533:[27, 43, 9]
http://yandex.ru:111.776562839:[109, 47, 55]
http://google.com:114.1008326:[125, 225, 86]
http://google.co.jp:114.45959986:[100, 42, 62]
http://google.co.in:114.899956484:[122, 57, 74]
http://google.pl:117.37546592:[116, 240, 78]
http://xvideos.com:121.169303043:[138, 61, 74]
http://flipkart.com:122.987804273:[109, 252, 74]
http://googleusercontent.com:126.178445069:[21, 30, 5]
http://adcash.com:126.692541217:[23, 29, 4]
http://weibo.com:127.510783858:[25, 27, 6]
http://baidu.com:132.400906341:[13, 26, 6]
http://bing.com:133.048863204:[29, 19, 11]
http://vk.com:135.373557241:[168, 227, 56]
http://t.co:137.440896388:[14, 21, 2]
http://apple.com:137.597238344:[130, 49, 103]
http://ask.com:141.50618361:[188, 118, 91]
http://stackoverflow.com:142.182980697:[108, 280, 45]
http://craigslist.org:146.904731033:[11, 12, 1]
http://kickass.so:147.972970505:[8, 12, 1]
http://google.it:149.963328851:[112, 281, 75]
http://twitter.com:155.807573628:[142, 270, 83]
http://google.es:158.726179315:[115, 289, 77]
http://google.com.hk:160.352736179:[96, 300, 62]
http://yahoo.co.jp:162.277540036:[173, 263, 51]
http://amazon.co.jp:163.012269477:[123, 290, 79]
http://google.com.tr:163.422764632:[105, 203, 180]
http://amazon.de:163.783393542:[128, 291, 71]
http://pornhub.com:166.895176683:[197, 151, 131]
http://dropbox.com:176.456793578:[142, 297, 77]
http://amazon.co.uk:185.334832128:[122, 228, 188]
http://microsoft.com:192.681083659:[216, 77, 126]
http://huffingtonpost.com:217.671771252:[146, 336, 98]
http://youtube.com:252.057533115:[227, 318, 115]
http://tmall.com:261.070871604:[173, 372, 102]
http://google.ca:265.3469427:[126, 399, 81]
http://facebook.com:273.784586856:[165, 376, 140]
http://imdb.com:291.077309318:[333, 88, 122]
http://aliexpress.com:298.177799308:[281, 64, 218]
http://adobe.com:299.122048669:[299, 247, 185]
http://alipay.com:300.129971846:[139, 411, 151]
http://hao123.com:320.371659171:[285, 143, 263]
http://alibaba.com:335.043280786:[259, 369, 187]
http://yahoo.com:336.989614083:[255, 414, 100]
http://ebay.com:340.548087647:[322, 59, 235]
http://xhamster.com:356.485623834:[250, 413, 176]
http://fc2.com:357.354166059:[269, 428, 106]
http://soso.com:363.865359714:[85, 156, 396]
http://paypal.com:419.324456716:[288, 360, 314]
http://nicovideo.jp:419.814244637:[234, 514, 139]
http://360.cn:492.236731665:[196, 600, 168]
http://youku.com:546.292046437:[271, 623, 198]
http://taobao.com:550.215412361:[316, 596, 222]
http://mail.ru:611.265899589:[387, 656, 122]
http://dailymotion.com:623.409977463:[386, 654, 193]
http://chinadaily.com.cn:667.198621102:[314, 705, 296]
http://imgur.com:704.117177748:[301, 770, 255]
http://naver.com:749.056072667:[224, 871, 129]
http://ebay.de:816.634557192:[432, 812, 327]
http://amazon.cn:883.995475102:[284, 976, 241]
http://diply.com:911.408799606:[581, 810, 380]
http://amazon.com:923.197162041:[472, 918, 330]
http://xinhuanet.com:972.376984508:[377, 990, 399]
http://cnn.com:996.98144416:[486, 936, 469]
http://sina.com.cn:999.620928152:[971, 315, 413]
http://go.com:1106.33584413:[339, 1201, 218]
http://espn.go.com:1156.97579923:[537, 1144, 375]
http://qq.com:1232.73273665:[553, 1241, 315]
http://163.com:1260.84812725:[1170, 353, 598]
http://gmw.cn:1350.92375803:[313, 1459, 228]
http://tumblr.com:1380.61797757:[646, 1287, 546]
http://people.com.cn:1513.05981375:[627, 1141, 1023]
http://sohu.com:1890.06058104:[1010, 1741, 393]
http://netflix.com:1903.25957242:[627, 1922, 419]
http://rakuten.co.jp:2965.22596104:[1558, 2539, 943]
