http://nytimes.com:[426, 1058, 390]
60
http://xinhuanet.com:84.2970936628:[377, 990, 399]
http://espn.go.com:141.216146386:[537, 1144, 375]
http://cnn.com:157.241851935:[486, 936, 469]
http://amazon.com:159.110024826:[472, 918, 330]
http://amazon.cn:221.560375519:[284, 976, 241]
http://qq.com:235.038294752:[553, 1241, 315]
http://go.com:240.00416663:[339, 1201, 218]
http://ebay.de:254.009842329:[432, 812, 327]
http://diply.com:292.624332549:[581, 810, 380]
http://imgur.com:341.751371614:[301, 770, 255]
http://tumblr.com:353.803617845:[646, 1287, 546]
http://naver.com:379.333626245:[224, 871, 129]
http://chinadaily.com.cn:382.085069062:[314, 705, 296]
http://gmw.cn:447.005592806:[313, 1459, 228]
http://dailymotion.com:451.248268695:[386, 654, 193]
http://mail.ru:484.715380404:[387, 656, 122]
http://youku.com:500.113987007:[271, 623, 198]
http://taobao.com:503.753908173:[316, 596, 222]
http://360.cn:558.523052344:[196, 600, 168]
http://nicovideo.jp:629.127173153:[234, 514, 139]
http://people.com.cn:669.312333668:[627, 1141, 1023]
http://xhamster.com:701.995014227:[250, 413, 176]
http://fc2.com:708.664236434:[269, 428, 106]
http://paypal.com:715.558523113:[288, 360, 314]
http://yahoo.com:726.689066933:[255, 414, 100]
http://alibaba.com:737.440845085:[259, 369, 187]
http://alipay.com:747.060238535:[139, 411, 151]
http://facebook.com:771.845191732:[165, 376, 140]
http://tmall.com:785.84285961:[173, 372, 102]
http://google.ca:787.249642744:[126, 399, 81]
http://youtube.com:814.141265383:[227, 318, 115]
http://huffingtonpost.com:827.615852917:[146, 336, 98]
http://adobe.com:846.093966413:[299, 247, 185]
http://dropbox.com:870.486071112:[142, 297, 77]
http://amazon.co.jp:882.243730496:[123, 290, 79]
http://amazon.de:882.52705341:[128, 291, 71]
http://google.es:886.595172556:[115, 289, 77]
http://netflix.com:887.546055143:[627, 1922, 419]
http://google.com.hk:889.408792401:[96, 300, 62]
http://twitter.com:892.103693524:[142, 270, 83]
http://google.it:895.293248048:[112, 281, 75]
http://sohu.com:898.640083682:[1010, 1741, 393]
http://yahoo.co.jp:900.530399265:[173, 263, 51]
http://amazon.co.uk:906.708332376:[122, 228, 188]
http://stackoverflow.com:908.533433617:[108, 280, 45]
http://sina.com.cn:921.739117104:[971, 315, 413]
http://flipkart.com:921.944141475:[109, 252, 74]
http://google.pl:928.745390298:[116, 240, 78]
http://vk.com:932.030578897:[168, 227, 56]
http://hao123.com:934.47043827:[285, 143, 263]
http://google.com:936.432592342:[125, 225, 86]
http://google.com.tr:937.105116836:[105, 203, 180]
http://google.co.uk:939.88616332:[117, 227, 78]
http://google.fr:945.638937439:[117, 222, 74]
http://googleadservices.com:951.368488021:[112, 217, 75]
http://github.com:962.041579143:[118, 196, 94]
http://soso.com:964.324115637:[85, 156, 396]
http://pornhub.com:970.654933537:[197, 151, 131]
http://indiatimes.com:978.115535098:[96, 195, 69]
http://google.ru:980.105096405:[104, 189, 71]
http://nytimes.com:983.260392775:[112, 184, 67]
http://reddit.com:986.136400302:[110, 186, 55]
http://msn.com:1005.40439625:[95, 172, 49]
http://onclickads.net:1008.86173483:[74, 185, 27]
http://imdb.com:1010.63000153:[333, 88, 122]
http://google.com.au:1013.41156496:[123, 143, 77]
http://ask.com:1014.71424549:[188, 118, 91]
http://instagram.com:1014.74972284:[107, 148, 74]
http://ebay.com:1016.28834491:[322, 59, 235]
http://aliexpress.com:1019.13934278:[281, 64, 218]
http://wordpress.com:1021.2252445:[92, 161, 34]
http://microsoft.com:1037.37987256:[216, 77, 126]
http://163.com:1045.86088941:[1170, 353, 598]
http://blogspot.com:1057.73768015:[90, 125, 22]
http://google.co.kr:1062.03483935:[69, 121, 40]
http://bbc.co.uk:1066.87206356:[60, 122, 32]
http://google.com.mx:1071.19746079:[120, 80, 78]
http://google.com.br:1075.49662947:[102, 84, 69]
http://jd.com:1083.93772884:[75, 100, 24]
http://xvideos.com:1084.80827799:[138, 61, 74]
http://blogger.com:1086.34893105:[74, 95, 31]
http://google.de:1088.81035998:[120, 62, 74]
http://apple.com:1089.98440356:[130, 49, 103]
http://wikipedia.org:1092.78634691:[72, 93, 19]
http://google.co.in:1092.8279828:[122, 57, 74]
http://cntv.cn:1106.58845105:[53, 86, 15]
http://live.com:1110.51744696:[73, 70, 26]
http://yandex.ru:1111.23129906:[109, 47, 55]
http://google.co.jp:1116.29565976:[100, 42, 62]
http://linkedin.com:1123.82783379:[93, 44, 38]
http://pinterest.com:1155.24326443:[27, 43, 9]
http://googleusercontent.com:1170.05726356:[21, 30, 5]
http://adcash.com:1170.57507235:[23, 29, 4]
http://weibo.com:1170.99017929:[25, 27, 6]
http://bing.com:1175.06212602:[29, 19, 11]
http://baidu.com:1176.03103701:[13, 26, 6]
http://t.co:1181.37927864:[14, 21, 2]
http://craigslist.org:1190.65612164:[11, 12, 1]
http://kickass.so:1191.70508097:[8, 12, 1]
http://rakuten.co.jp:1944.37496384:[1558, 2539, 943]
