55, 56
98, 162
188, 213
10, 11
268, 317
69, 67
319, 583
76, 149
254, 445
264, 329
49, 75
49, 90
139, 199
108, 107
21, 32
107, 111
46, 91
78, 101
84, 111
69, 119
54, 65
46, 93
76, 83
25, 33
79, 132
278, 185
99, 147
63, 232
51, 98
85, 154
158, 332
72, 65
94, 172
62, 144
55, 71
189, 472
54, 64
148, 60
91, 22
144, 25
155, 31
47, 31
108, 30
64, 29
126, 18
22, 19
64, 22
17, 14
53, 33
159, 24
291, 41
52, 32
53, 34
86, 20
280, 24
5, 5
279, 97
72, 152
47, 91
64, 74
11, 12
171, 433
49, 54
84, 96
114, 173
232, 576
258, 307
234, 393
76, 105
243, 515
50, 53
58, 93
272, 419
51, 55
32, 57
10, 11
206, 504
356, 1015
66, 188
165, 395
138, 262
93, 219
89, 175
40, 54
39, 71
61, 128
47, 64
58, 157
140, 411
142, 297
146, 337
21, 30
74, 95
271, 623
314, 705
75, 100
118, 196
69, 121
112, 184
96, 195
