55, 56, 167
98, 162, 62
188, 213, 87
10, 11, 11
268, 317, 125
69, 67, 19
319, 583, 245
76, 149, 60
254, 445, 175
263, 329, 135
49, 75, 14
49, 90, 13
139, 199, 86
108, 107, 27
21, 32, 6
107, 111, 35
46, 91, 25
78, 101, 21
84, 111, 64
69, 119, 43
54, 65, 17
46, 93, 30
76, 83, 61
25, 33, 14
79, 132, 58
278, 185, 94
99, 147, 78
63, 231, 43
51, 98, 18
85, 154, 28
158, 332, 100
72, 65, 34
94, 172, 52
62, 144, 35
55, 71, 17
189, 472, 163
54, 64, 41
148, 60, 219
91, 22, 59
144, 25, 129
155, 31, 84
47, 31, 9
108, 30, 81
64, 29, 44
126, 18, 54
22, 19, 4
64, 22, 53
17, 14, 10
53, 33, 29
159, 24, 151
291, 41, 76
52, 32, 15
53, 34, 17
86, 20, 56
280, 24, 152
5, 5, 1
279, 97, 130
72, 152, 68
47, 91, 24
64, 74, 16
11, 12, 2
171, 433, 143
49, 54, 16
83, 96, 34
114, 172, 59
232, 575, 259
258, 307, 152
234, 393, 178
76, 105, 36
243, 515, 178
50, 53, 15
58, 93, 30
272, 419, 341
51, 55, 13
32, 57, 13
10, 11, 2
206, 504, 154
356, 1015, 289
66, 188, 54
165, 395, 116
138, 261, 56
93, 219, 80
89, 175, 50
40, 54, 13
39, 71, 12
61, 128, 42
47, 64, 16
58, 157, 43
139, 411, 151
142, 297, 77
146, 336, 98
21, 30, 5
74, 95, 31
271, 623, 198
314, 705, 296
75, 100, 24
118, 196, 94
69, 121, 40
112, 184, 67
96, 195, 69
