125, 225
165, 376
228, 318
13, 26
255, 414
72, 93
472, 919
142, 270
316, 596
553, 1242
122, 57
73, 70
972, 315
93, 44
25, 27
173, 264
173, 373
90, 125
322, 59
100, 42
120, 62
285, 144
109, 47
29, 19
107, 148
1011, 1741
110, 186
27, 43
117, 227
168, 227
646, 1287
92, 161
123, 290
96, 172
117, 222
301, 770
102, 84
288, 360
333, 88
281, 64
216, 77
189, 118
130, 49
260, 369
138, 61
23, 29
269, 428
14, 21
112, 281
196, 600
387, 656
115, 289
104, 189
128, 291
1170, 353
8, 12
627, 1925
339, 1201
108, 280
96, 300
11, 12
313, 1460
126, 399
74, 185
224, 872
377, 990
250, 413
122, 228
581, 810
284, 976
112, 217
60, 122
486, 937
105, 203
85, 156
197, 151
627, 1142
1558, 2540
433, 812
537, 1144
234, 514
386, 655
109, 252
116, 240
53, 86
123, 143
120, 80
299, 247
140, 411
142, 297
146, 337
21, 30
74, 95
271, 623
314, 705
75, 100
118, 196
69, 121
112, 184
96, 195
